SdkRegistrants_1503436567125=com.gwtplugins.gwt.eclipse.sdkbundle.gwt27_2.7.0.201707251900,com.gwtplugins.gwt.eclipse.sdkbundle.gwt28_2.8.0.201707251900
eclipse.preferences.version=1
versionForLastForcedRebuild_CesiumDemo=3.0.0.201707251900
versionForLastForcedRebuild_Cesium_Wrapper=3.0.0.201707251900
versionForLastForcedRebuild_LeafletDemo=3.0.0.201707251900
versionForLastForcedRebuild_Leaflet_1.0=3.0.0.201707251900
versionForLastForcedRebuild_gwt-cs-main=3.0.0.201707251900
